30  -15.3865540857849     
44  -13.5469515647974     
70   16.6104029900058     
100   3.51817877786450     
100   3.80410073453261     
100   3.83081608463893     
100   4.34537318689545     
100   3.89924358451952     
100   4.05309762466018     
100   3.94803997499059     
100   4.73323679035942     
143   71.3055623788750     
217   337.125622244049     
217   340.215634491524     
217   323.292254767741     
217   325.149330105634     
217   326.328784045316     
217   321.118002451004     
217   321.137621780110     
217   322.248940216045     
353   4396.68463754909     
353   4401.78768570364     
353   4350.43299983699     
353   4501.07170549151     
353   4305.54255971123     
353   4267.79724349758     
545   62660.4670705452     
545   59986.5652256344     
545   61353.2527739262     
857   6093467.20222070     
857   6093050.04622039     
857   6093036.03815642     
0.4   9657365.13479795     
22   183.216638939992     
30   46.8815256875725     
40   21.2603222205444     
40   21.1196221437175     
60   22.6730592646258     
60   23.4674898247294     
90   45.2866801086780     
90   46.0306183537771     
90   44.6589174323168     
90   46.8260948732901     
